4
15
15 5 7 12 9 15 5 2 7 9 10 13 5 11 7 
28 41 40 94 86 82 29 86 69 55 17 98 3 7 56 
11
1 9 4 4 10 2 2 1 1 1 6 
82 27 81 67 67 99 97 64 37 62 68 
42
23 2 17 23 10 15 18 33 8 40 38 9 41 7 35 42 31 42 20 29 32 16 10 21 14 16 20 12 20 39 20 30 25 7 26 40 37 14 20 37 26 19 
11 74 48 49 60 39 95 96 94 94 58 80 78 84 55 45 88 33 98 42 89 92 82 30 31 51 11 76 99 81 88 95 84 93 69 19 28 94 21 5 45 92 
98
42 49 7 85 20 74 8 59 29 58 51 67 9 26 45 60 42 7 35 25 3 49 39 24 90 83 61 10 53 47 28 8 17 4 50 89 12 56 93 97 78 4 54 18 59 95 82 88 43 73 62 67 23 49 89 41 76 94 46 72 22 57 80 74 92 59 87 40 46 85 10 29 98 64 6 61 51 97 60 8 72 10 4 96 49 28 6 21 16 18 51 61 73 93 85 74 14 73 
33 73 42 75 41 86 49 76 13 73 27 33 75 11 22 53 99 31 42 27 10 37 36 50 57 24 87 57 3 69 16 3 99 17 31 10 57 17 87 55 8 41 92 13 29 21 73 8 47 56 5 80 93 17 97 55 4 26 39 50 81 65 63 56 75 24 42 80 52 19 77 56 61 48 24 76 63 61 21 72 54 20 33 12 8 91 17 14 73 22 94 20 31 35 94 69 97 90 
